index, time [Gyr], a_exp, redshift, subhalo centre (x,y,z) [Mpc], subhalo peculiar velocity (x,y,z) [km/s], Halo mass [Msun], Stellar mass [Msun], BH mass [Msun], SFR [Msun/yr], sSFR [/yr]
 5  0.760 0.124 7.050    5.521    0.960    4.536  -30.483  -81.084 -125.396 2.2104e+09 1.8356e+07 0.0000e+00 1.8007e-02 9.8101e-10
 6  0.942 0.143 5.971    6.367    1.093    5.214  -36.396  -86.085 -132.398 3.2613e+09 3.7189e+07 7.3480e+05 2.8201e-01 7.5831e-09
 7  1.049 0.154 5.487    6.837    1.164    5.588  -33.036  -90.824 -143.268 5.9044e+09 6.1729e+07 7.3480e+05 5.9260e-02 9.6000e-10
 8  1.168 0.166 5.037    7.341    1.239    5.986  -33.911 -100.549 -159.781 8.7492e+09 6.8959e+07 7.3480e+05 3.7521e-01 5.4410e-09
 9  1.348 0.182 4.485    8.101    1.354    6.526  -73.026 -105.484  -92.052 8.5523e+09 1.9339e+07 0.0000e+00 1.4288e-01 7.3882e-09
10  1.556 0.201 3.984    8.879    1.454    7.179  -42.890 -111.491 -173.232 1.6444e+10 1.5215e+08 7.3480e+05 3.0755e-01 2.0214e-09
11  1.795 0.221 3.528    9.771    1.577    7.853  -53.968 -118.613 -172.025 1.5747e+10 2.2404e+08 7.3480e+05 3.0645e-01 1.3678e-09
12  2.144 0.249 3.017   10.984    1.726    8.788  -61.144 -126.428 -183.027 1.7546e+10 3.5358e+08 1.4696e+06 8.7729e-01 2.4812e-09
13  2.653 0.287 2.478   12.652    1.925   10.038  -73.054 -133.473 -196.441 3.8920e+10 5.5689e+08 1.4696e+06 3.9782e-01 7.1437e-10
14  2.949 0.309 2.237   13.445    2.115   10.466  -46.727 -182.261  -64.857 4.4172e+10 2.3642e+08 1.4759e+06 5.3340e-01 2.2562e-09
15  3.276 0.332 2.012   14.558    2.129   11.454  -86.770 -144.383 -213.452 7.5774e+10 7.9846e+08 1.4696e+06 4.8903e-01 6.1246e-10
16  3.767 0.365 1.737   15.973    2.266   12.488  -95.505 -150.348 -230.821 7.5683e+10 1.0804e+09 1.4696e+06 1.0433e+00 9.6570e-10
17  4.325 0.402 1.487   17.425    2.432   13.529  -42.442 -222.575  -47.270 9.3636e+10 9.3450e+08 1.4759e+06 9.3149e-01 9.9678e-10
18  4.958 0.443 1.259   18.900    2.360   14.847  -18.533 -175.672 -208.143 1.8613e+11 5.9250e+08 1.4805e+06 4.7658e-01 8.0436e-10
19  5.864 0.499 1.004   21.537    2.652   16.602 -233.654 -305.264 -296.484 2.0618e+11 3.1852e+07 7.3480e+05 3.7621e-02 1.1811e-09
20  6.472 0.536 0.865   23.365    2.994   17.658 -147.270 -231.061 -110.735 8.1075e+11 4.7359e+08 1.4743e+06 3.6571e-01 7.7220e-10
21  7.131 0.576 0.736   25.002    3.018   18.899 -173.193 -307.685 -117.140 1.1902e+12 1.3555e+09 2.9618e+06 5.7017e-01 4.2062e-10
22  7.841 0.619 0.615   26.746    2.996   20.215 -189.463 -369.267 -154.799 1.8650e+12 2.2265e+09 4.4388e+06 1.8938e+00 8.5060e-10
23  8.603 0.665 0.503   28.591    2.903   21.576 -253.292 -361.848 -193.906 1.9116e+12 2.9650e+09 4.4388e+06 1.2452e+00 4.1996e-10
24  9.698 0.732 0.366   31.031    2.873   23.553 -454.028 -119.291  -61.340 3.5875e+12 3.6630e+09 3.6966e+06 1.3657e+00 3.7284e-10
25 10.577 0.787 0.271   33.005    3.030   25.291 -252.437  -48.792   -7.906 3.2911e+12 4.2637e+09 4.4388e+06 6.1865e-01 1.4510e-10
26 11.501 0.846 0.183   35.293    3.190   27.158 -115.919  -92.759  -32.797 3.4034e+12 4.4834e+09 4.4388e+06 4.2305e-01 9.4359e-11
27 12.469 0.909 0.101   37.840    3.279   29.119  -54.330 -219.400 -119.723 3.0673e+12 4.6360e+09 4.4388e+06 4.2436e-01 9.1536e-11
28 13.821 1.000 0.000   41.268    3.203   31.799 -412.454 -175.646  -51.045 2.9052e+12 4.7213e+09 4.4388e+06 2.8349e-01 6.0045e-11
